#2C1620	27	1.0	2.0
#350F23	27	1.0	4.0
#3C0325	27	1.0	6.0
#2D161E	28	1.0	2.0
#360E1F	28	1.0	4.0
#3E0020	28	1.0	6.0
#2D161B	29	1.0	2.0
#370E1B	29	1.0	4.0
#2E1619	30	1.0	2.0
#380E17	30	1.0	4.0
#2E1617	31	1.0	2.0
#380E12	31	1.0	4.0
#2D1714	32	1.0	2.0
#380F0A	32	1.0	4.0
#410302	32	1.0	6.0
#2C1810	33	1.0	2.0
#2B190D	34	1.0	2.0
#291A0A	35	1.0	2.0
#261B07	36	1.0	2.0
#241C07	37	1.0	2.0
#211D09	38	1.0	2.0
#1E1E0C	39	1.0	2.0
#1B1E0F	0	1.0	2.0
#191F12	1	1.0	2.0
#161F15	2	1.0	2.0
#062302	2	1.0	4.0
#141F17	3	1.0	2.0
#132018	4	1.0	2.0
#112019	5	1.0	2.0
#10201B	6	1.0	2.0
#0F201C	7	1.0	2.0
#0E201E	8	1.0	2.0
#0C2020	9	1.0	2.0
#0B2022	10	1.0	2.0
#0A2024	11	1.0	2.0
#0A2025	12	1.0	2.0
#0A1F27	13	1.0	2.0
#0C1F28	14	1.0	2.0
#0F1E2A	15	1.0	2.0
#121E2A	16	1.0	2.0
#161D2B	17	1.0	2.0
#0B1D36	17	1.0	4.0
#1B1B2B	18	1.0	2.0
#181A36	18	1.0	4.0
#161741	18	1.0	6.0
#17134B	18	1.0	8.0
#190E54	18	1.0	10.0
#1C055C	18	1.0	12.0
#1F1A2B	19	1.0	2.0
#211735	19	1.0	4.0
#23143E	19	1.0	6.0
#250F46	19	1.0	8.0
#29064F	19	1.0	10.0
#22192A	20	1.0	2.0
#261533	20	1.0	4.0
#2A113A	20	1.0	6.0
#2E0942	20	1.0	8.0
#241829	21	1.0	2.0
#291431	21	1.0	4.0
#2E0E38	21	1.0	6.0
#33043F	21	1.0	8.0
#261828	22	1.0	2.0
#2C132F	22	1.0	4.0
#310C35	22	1.0	6.0
#271727	23	1.0	2.0
#2E122D	23	1.0	4.0
#330B33	23	1.0	6.0
#291726	24	1.0	2.0
#30112B	24	1.0	4.0
#360931	24	1.0	6.0
#2A1624	25	1.0	2.0
#321028	25	1.0	4.0
#38072D	25	1.0	6.0
#2B1622	26	1.0	2.0
#330F26	26	1.0	4.0
#3B0429	26	1.0	6.0
#412C32	27	2.0	2.0
#4C2533	27	2.0	4.0
#551E34	27	2.0	6.0
#5F1036	27	2.0	8.0
#422C30	28	2.0	2.0
#4D252F	28	2.0	4.0
#571D2E	28	2.0	6.0
#620E2E	28	2.0	8.0
#422C2E	29	2.0	2.0
#4E252B	29	2.0	4.0
#581D28	29	2.0	6.0
#630E26	29	2.0	8.0
#422C2C	30	2.0	2.0
#4E2527	30	2.0	4.0
#581E22	30	2.0	6.0
#63101D	30	2.0	8.0
#422C2A	31	2.0	2.0
#4E2622	31	2.0	4.0
#581F1A	31	2.0	6.0
#621312	31	2.0	8.0
#412D27	32	2.0	2.0
#4D271D	32	2.0	4.0
#572111	32	2.0	6.0
#402D25	33	2.0	2.0
#4B2917	33	2.0	4.0
#542401	33	2.0	6.0
#3F2E23	34	2.0	2.0
#482B12	34	2.0	4.0
#3D2F21	35	2.0	2.0
#452D0D	35	2.0	4.0
#3A3020	36	2.0	2.0
#412E07	36	2.0	4.0
#383120	37	2.0	2.0
#3E3002	37	2.0	4.0
#363220	38	2.0	2.0
#3A3200	38	2.0	4.0
#333222	39	2.0	2.0
#353304	39	2.0	4.0
#303324	0	2.0	2.0
#2F350C	0	2.0	4.0
#2E3426	1	2.0	2.0
#293613	1	2.0	4.0
#2B3428	2	2.0	2.0
#22371A	2	2.0	4.0
#153907	2	2.0	6.0
#29342A	3	2.0	2.0
#1C3820	3	2.0	4.0
#033A16	3	2.0	6.0
#27352C	4	2.0	2.0
#153826	4	2.0	4.0
#26352E	5	2.0	2.0
#113829	5	2.0	4.0
#25352F	6	2.0	2.0
#0D382C	6	2.0	4.0
#243530	7	2.0	2.0
#07392F	7	2.0	4.0
#233532	8	2.0	2.0
#003833	8	2.0	4.0
#223534	9	2.0	2.0
#223536	10	2.0	2.0
#213538	11	2.0	2.0
#213439	12	2.0	2.0
#22343B	13	2.0	2.0
#23343C	14	2.0	2.0
#043648	14	2.0	4.0
#25333E	15	2.0	2.0
#0F354A	15	2.0	4.0
#28323F	16	2.0	2.0
#19334B	16	2.0	4.0
#2B313F	17	2.0	2.0
#22324C	17	2.0	4.0
#113259	17	2.0	6.0
#2F3040	18	2.0	2.0
#2C2F4C	18	2.0	4.0
#292D58	18	2.0	6.0
#262B64	18	2.0	8.0
#242870	18	2.0	10.0
#25247A	18	2.0	12.0
#261E84	18	2.0	14.0
#29168D	18	2.0	16.0
#2C0897	18	2.0	18.0
#332F3F	19	2.0	2.0
#342D4B	19	2.0	4.0
#362A55	19	2.0	6.0
#382660	19	2.0	8.0
#3A216A	19	2.0	10.0
#3D1B73	19	2.0	12.0
#41127C	19	2.0	14.0
#362E3E	20	2.0	2.0
#392B48	20	2.0	4.0
#3D2851	20	2.0	6.0
#42225B	20	2.0	8.0
#471C64	20	2.0	10.0
#4C126C	20	2.0	12.0
#382E3D	21	2.0	2.0
#3E2A46	21	2.0	4.0
#42264D	21	2.0	6.0
#491F57	21	2.0	8.0
#4E175F	21	2.0	10.0
#540967	21	2.0	12.0
#3A2D3C	22	2.0	2.0
#412943	22	2.0	4.0
#47244A	22	2.0	6.0
#4E1C53	22	2.0	8.0
#54125A	22	2.0	10.0
#3C2D3A	23	2.0	2.0
#432841	23	2.0	4.0
#4A2347	23	2.0	6.0
#521A4E	23	2.0	8.0
#590D55	23	2.0	10.0
#3E2C38	24	2.0	2.0
#46273D	24	2.0	4.0
#4E2142	24	2.0	6.0
#571648	24	2.0	8.0
#5F034D	24	2.0	10.0
#402C36	25	2.0	2.0
#492639	25	2.0	4.0
#51203D	25	2.0	6.0
#5B1442	25	2.0	8.0
#402C34	26	2.0	2.0
#4A2636	26	2.0	4.0
#531F39	26	2.0	6.0
#5D123C	26	2.0	8.0
#5B4246	27	3.0	2.0
#683B45	27	3.0	4.0
#743343	27	3.0	6.0
#802843	27	3.0	8.0
#8B1742	27	3.0	10.0
#5B4244	28	3.0	2.0
#6A3B40	28	3.0	4.0
#75333D	28	3.0	6.0
#82283A	28	3.0	8.0
#8D1737	28	3.0	10.0
#5C4242	29	3.0	2.0
#6A3B3C	29	3.0	4.0
#763436	29	3.0	6.0
#822930	29	3.0	8.0
#8D192B	29	3.0	10.0
#5C4240	30	3.0	2.0
#6A3C37	30	3.0	4.0
#763530	30	3.0	6.0
#812B27	30	3.0	8.0
#8C1D1E	30	3.0	10.0
#5B433E	31	3.0	2.0
#693D34	31	3.0	4.0
#753629	31	3.0	6.0
#802D1E	31	3.0	8.0
#892211	31	3.0	10.0
#5B433B	32	3.0	2.0
#673E2F	32	3.0	4.0
#723820	32	3.0	6.0
#7B320E	32	3.0	8.0
#594439	33	3.0	2.0
#65402A	33	3.0	4.0
#6E3B19	33	3.0	6.0
#584537	34	3.0	2.0
#624226	34	3.0	4.0
#693F11	34	3.0	6.0
#554636	35	3.0	2.0
#5E4423	35	3.0	4.0
#644108	35	3.0	6.0
#524734	36	3.0	2.0
#5A461F	36	3.0	4.0
#504834	37	3.0	2.0
#55471E	37	3.0	4.0
#4D4934	38	3.0	2.0
#51491D	38	3.0	4.0
#4A4A35	39	3.0	2.0
#4C4A1D	39	3.0	4.0
#474A36	0	3.0	2.0
#464C20	0	3.0	4.0
#454B38	1	3.0	2.0
#404D25	1	3.0	4.0
#3B4F0B	1	3.0	6.0
#414C3C	2	3.0	2.0
#384F2C	2	3.0	4.0
#2D511B	2	3.0	6.0
#3E4C3F	3	3.0	2.0
#315033	3	3.0	4.0
#205326	3	3.0	6.0
#3C4C41	4	3.0	2.0
#29503A	4	3.0	4.0
#065433	4	3.0	6.0
#3A4D43	5	3.0	2.0
#24513E	5	3.0	4.0
#394D45	6	3.0	2.0
#205142	6	3.0	4.0
#384D47	7	3.0	2.0
#1B5145	7	3.0	4.0
#374D49	8	3.0	2.0
#17514A	8	3.0	4.0
#364D4B	9	3.0	2.0
#11514F	9	3.0	4.0
#354D4D	10	3.0	2.0
#0D5153	10	3.0	4.0
#354C50	11	3.0	2.0
#0D5058	11	3.0	4.0
#354C52	12	3.0	2.0
#0E505C	12	3.0	4.0
#364C53	13	3.0	2.0
#144F5F	13	3.0	4.0
#374B55	14	3.0	2.0
#1D4E62	14	3.0	4.0
#3A4B56	15	3.0	2.0
#264C64	15	3.0	4.0
#3D4A57	16	3.0	2.0
#2F4B65	16	3.0	4.0
#184B72	16	3.0	6.0
#414958	17	3.0	2.0
#384966	17	3.0	4.0
#2A4973	17	3.0	6.0
#15497F	17	3.0	8.0
#464758	18	3.0	2.0
#424666	18	3.0	4.0
#3E4573	18	3.0	6.0
#3A437F	18	3.0	8.0
#36418B	18	3.0	10.0
#333E97	18	3.0	12.0
#323AA3	18	3.0	14.0
#3235AF	18	3.0	16.0
#332FB9	18	3.0	18.0
#3529C2	18	3.0	20.0
#381FCD	18	3.0	22.0
#3B0ED7	18	3.0	24.0
#4A4658	19	3.0	2.0
#4A4465	19	3.0	4.0
#4C4170	19	3.0	6.0
#4D3E7B	19	3.0	8.0
#4F3A87	19	3.0	10.0
#513691	19	3.0	12.0
#54309C	19	3.0	14.0
#5828A6	19	3.0	16.0
#5B1FAF	19	3.0	18.0
#5F10B8	19	3.0	20.0
#4D4557	20	3.0	2.0
#514263	20	3.0	4.0
#553E6D	20	3.0	6.0
#593A77	20	3.0	8.0
#5E3481	20	3.0	10.0
#622E8A	20	3.0	12.0
#672693	20	3.0	14.0
#6C1A9C	20	3.0	16.0
#7104A5	20	3.0	18.0
#504456	21	3.0	2.0
#564060	21	3.0	4.0
#5B3C69	21	3.0	6.0
#613772	21	3.0	8.0
#67307B	21	3.0	10.0
#6D2884	21	3.0	12.0
#731D8C	21	3.0	14.0
#790894	21	3.0	16.0
#534454	22	3.0	2.0
#5A3F5C	22	3.0	4.0
#613A64	22	3.0	6.0
#69336D	22	3.0	8.0
#6F2C75	22	3.0	10.0
#76217D	22	3.0	12.0
#7D0F85	22	3.0	14.0
#554351	23	3.0	2.0
#5E3E59	23	3.0	4.0
#663860	23	3.0	6.0
#6F3067	23	3.0	8.0
#76276E	23	3.0	10.0
#7F1875	23	3.0	12.0
#57434E	24	3.0	2.0
#623D54	24	3.0	4.0
#6B3659	24	3.0	6.0
#752D5E	24	3.0	8.0
#7E2263	24	3.0	10.0
#870E69	24	3.0	12.0
#58424B	25	3.0	2.0
#653C4E	25	3.0	4.0
#703451	25	3.0	6.0
#7A2B55	25	3.0	8.0
#841D58	25	3.0	10.0
#5A4249	26	3.0	2.0
#673B4A	26	3.0	4.0
#72344B	26	3.0	6.0
#7E294C	26	3.0	8.0
#881A4E	26	3.0	10.0
#735B5F	27	4.0	2.0
#81555C	27	4.0	4.0
#8E4E5A	27	4.0	6.0
#9B4559	27	4.0	8.0
#A63B58	27	4.0	10.0
#B12D57	27	4.0	12.0
#BC1756	27	4.0	14.0
#735B5D	28	4.0	2.0
#825558	28	4.0	4.0
#904E54	28	4.0	6.0
#9C4551	28	4.0	8.0
#A83B4D	28	4.0	10.0
#B32D4A	28	4.0	12.0
#BE1547	28	4.0	14.0
#745B5A	29	4.0	2.0
#835553	29	4.0	4.0
#914E4D	29	4.0	6.0
#9D4646	29	4.0	8.0
#A83C40	29	4.0	10.0
#B3303A	29	4.0	12.0
#BE1A34	29	4.0	14.0
#745B59	30	4.0	2.0
#845550	30	4.0	4.0
#914E47	30	4.0	6.0
#9D463D	30	4.0	8.0
#A83E35	30	4.0	10.0
#B2322B	30	4.0	12.0
#BC2221	30	4.0	14.0
#745C56	31	4.0	2.0
#84564A	31	4.0	4.0
#90503F	31	4.0	6.0
#9C4932	31	4.0	8.0
#A64124	31	4.0	10.0
#AF3812	31	4.0	12.0
#745C53	32	4.0	2.0
#825745	32	4.0	4.0
#8E5237	32	4.0	6.0
#984C26	32	4.0	8.0
#A0470F	32	4.0	10.0
#735D50	33	4.0	2.0
#805840	33	4.0	4.0
#8A542F	33	4.0	6.0
#92501B	33	4.0	8.0
#725D4E	34	4.0	2.0
#7E5A3B	34	4.0	4.0
#865728	34	4.0	6.0
#8C540E	34	4.0	8.0
#6F5F4C	35	4.0	2.0
#7A5C36	35	4.0	4.0
#815A21	35	4.0	6.0
#6C604A	36	4.0	2.0
#755E33	36	4.0	4.0
#7B5D1A	36	4.0	6.0
#696149	37	4.0	2.0
#706031	37	4.0	4.0
#745F15	37	4.0	6.0
#676249	38	4.0	2.0
#6B6230	38	4.0	4.0
#6E6211	38	4.0	6.0
#62634B	39	4.0	2.0
#666430	39	4.0	4.0
#676411	39	4.0	6.0
#60644C	0	4.0	2.0
#5F6534	0	4.0	4.0
#5E6717	0	4.0	6.0
#5D644E	1	4.0	2.0
#596738	1	4.0	4.0
#546920	1	4.0	6.0
#596552	2	4.0	2.0
#4F6841	2	4.0	4.0
#456B2E	2	4.0	6.0
#3A6E13	2	4.0	8.0
#566555	3	4.0	2.0
#496948	3	4.0	4.0
#386D39	3	4.0	6.0
#227029	3	4.0	8.0
#536659	4	4.0	2.0
#406A50	4	4.0	4.0
#246E48	4	4.0	6.0
#51665B	5	4.0	2.0
#3B6B55	5	4.0	4.0
#186F50	5	4.0	6.0
#50665D	6	4.0	2.0
#386B59	6	4.0	4.0
#056F56	6	4.0	6.0
#4F665F	7	4.0	2.0
#356B5D	7	4.0	4.0
#4E6661	8	4.0	2.0
#316B62	8	4.0	4.0
#4D6664	9	4.0	2.0
#2F6B67	9	4.0	4.0
#4C6666	10	4.0	2.0
#2E6A6B	10	4.0	4.0
#4D6668	11	4.0	2.0
#2E6A70	11	4.0	4.0
#4D656A	12	4.0	2.0
#306974	12	4.0	4.0
#4F656C	13	4.0	2.0
#356877	13	4.0	4.0
#51646D	14	4.0	2.0
#3C677A	14	4.0	4.0
#186986	14	4.0	6.0
#54636E	15	4.0	2.0
#42657B	15	4.0	4.0
#2A6788	15	4.0	6.0
#57626F	16	4.0	2.0
#4A647C	16	4.0	4.0
#3A6489	16	4.0	6.0
#1C6597	16	4.0	8.0
#5B616F	17	4.0	2.0
#52627D	17	4.0	4.0
#47628A	17	4.0	6.0
#376298	17	4.0	8.0
#2062A5	17	4.0	10.0
#5E6070	18	4.0	2.0
#5B5F7D	18	4.0	4.0
#575E8A	18	4.0	6.0
#535D97	18	4.0	8.0
#4D5BA4	18	4.0	10.0
#485AB1	18	4.0	12.0
#4457BD	18	4.0	14.0
#4054CA	18	4.0	16.0
#3E50D7	18	4.0	18.0
#3D4AE5	18	4.0	20.0
#3E46EE	18	4.0	22.0
#3F3FFA	18	4.0	24.0
#4137FF	18	4.0	26.0
#625F70	19	4.0	2.0
#625D7C	19	4.0	4.0
#635B88	19	4.0	6.0
#645894	19	4.0	8.0
#6456A0	19	4.0	10.0
#6652AC	19	4.0	12.0
#674EB7	19	4.0	14.0
#6A49C1	19	4.0	16.0
#6D43CC	19	4.0	18.0
#713CD8	19	4.0	20.0
#7434E0	19	4.0	22.0
#782AEA	19	4.0	24.0
#7C17F4	19	4.0	26.0
#655E6F	20	4.0	2.0
#685B7A	20	4.0	4.0
#6C5985	20	4.0	6.0
#70558F	20	4.0	8.0
#74519A	20	4.0	10.0
#784CA4	20	4.0	12.0
#7D46AE	20	4.0	14.0
#823FB7	20	4.0	16.0
#8737C1	20	4.0	18.0
#8C2BCB	20	4.0	20.0
#901ED3	20	4.0	22.0
#685E6D	21	4.0	2.0
#6D5A78	21	4.0	4.0
#735681	21	4.0	6.0
#78528A	21	4.0	8.0
#7E4D94	21	4.0	10.0
#84479D	21	4.0	12.0
#8A40A6	21	4.0	14.0
#9037AF	21	4.0	16.0
#962CB8	21	4.0	18.0
#9C1AC1	21	4.0	20.0
#6B5D6B	22	4.0	2.0
#725974	22	4.0	4.0
#7A547C	22	4.0	6.0
#814F84	22	4.0	8.0
#88498C	22	4.0	10.0
#8F4294	22	4.0	12.0
#96399C	22	4.0	14.0
#9E2CA5	22	4.0	16.0
#A51AAD	22	4.0	18.0
#6D5C69	23	4.0	2.0
#775770	23	4.0	4.0
#805277	23	4.0	6.0
#884C7D	23	4.0	8.0
#904584	23	4.0	10.0
#983D8B	23	4.0	12.0
#A03291	23	4.0	14.0
#A82398	23	4.0	16.0
#6F5C66	24	4.0	2.0
#7A576B	24	4.0	4.0
#855070	24	4.0	6.0
#8F4975	24	4.0	8.0
#98417A	24	4.0	10.0
#A1377F	24	4.0	12.0
#AA2A84	24	4.0	14.0
#B31489	24	4.0	16.0
#715C63	25	4.0	2.0
#7D5665	25	4.0	4.0
#8A4F68	25	4.0	6.0
#95476A	25	4.0	8.0
#9E3F6D	25	4.0	10.0
#A93270	25	4.0	12.0
#B22273	25	4.0	14.0
#725B61	26	4.0	2.0
#805561	26	4.0	4.0
#8D4E61	26	4.0	6.0
#994661	26	4.0	8.0
#A33D62	26	4.0	10.0
#AD3063	26	4.0	12.0
#B81C64	26	4.0	14.0
#8B7678	27	5.0	2.0
#9B7075	27	5.0	4.0
#A96973	27	5.0	6.0
#B76170	27	5.0	8.0
#C3586E	27	5.0	10.0
#D04C6D	27	5.0	12.0
#DA406C	27	5.0	14.0
#E62D6A	27	5.0	16.0
#8B7677	28	5.0	2.0
#9C7072	28	5.0	4.0
#AB696D	28	5.0	6.0
#B86168	28	5.0	8.0
#C55864	28	5.0	10.0
#D24C60	28	5.0	12.0
#DC405D	28	5.0	14.0
#E82D5A	28	5.0	16.0
#8C7675	29	5.0	2.0
#9D706D	29	5.0	4.0
#AC6966	29	5.0	6.0
#B9615F	29	5.0	8.0
#C65857	29	5.0	10.0
#D34D51	29	5.0	12.0
#DD414B	29	5.0	14.0
#E82F44	29	5.0	16.0
#F4083D	29	5.0	18.0
#8C7673	30	5.0	2.0
#9D7069	30	5.0	4.0
#AC695F	30	5.0	6.0
#BA6255	30	5.0	8.0
#C6594B	30	5.0	10.0
#D24F40	30	5.0	12.0
#DC4436	30	5.0	14.0
#E7352A	30	5.0	16.0
#F0201E	30	5.0	18.0
#8D7670	31	5.0	2.0
#9D7063	31	5.0	4.0
#AC6A56	31	5.0	6.0
#B96449	31	5.0	8.0
#C45C39	31	5.0	10.0
#CF5428	31	5.0	12.0
#D74D12	31	5.0	14.0
#8D766D	32	5.0	2.0
#9C715F	32	5.0	4.0
#AA6C4F	32	5.0	6.0
#B6663D	32	5.0	8.0
#BF612A	32	5.0	10.0
#C75C0F	32	5.0	12.0
#8C776A	33	5.0	2.0
#9A7359	33	5.0	4.0
#A66E46	33	5.0	6.0
#B06A32	33	5.0	8.0
#B86619	33	5.0	10.0
#8B7768	34	5.0	2.0
#987455	34	5.0	4.0
#A3713F	34	5.0	6.0
#AB6D27	34	5.0	8.0
#897865	35	5.0	2.0
#94764F	35	5.0	4.0
#9D7337	35	5.0	6.0
#A4711B	35	5.0	8.0
#867964	36	5.0	2.0
#8F784B	36	5.0	4.0
#977630	36	5.0	6.0
#9C750D	36	5.0	8.0
#837B62	37	5.0	2.0
#8A7A49	37	5.0	4.0
#90792B	37	5.0	6.0
#817C62	38	5.0	2.0
#857C48	38	5.0	4.0
#897C29	38	5.0	6.0
#7E7C63	39	5.0	2.0
#807E48	39	5.0	4.0
#827E2A	39	5.0	6.0
#7A7D64	0	5.0	2.0
#797F4C	0	5.0	4.0
#788130	0	5.0	6.0
#777E67	1	5.0	2.0
#738151	1	5.0	4.0
#6E8338	1	5.0	6.0
#6A8517	1	5.0	8.0
#727F6A	2	5.0	2.0
#6A8259	2	5.0	4.0
#608645	2	5.0	6.0
#56882F	2	5.0	8.0
#4A8B0A	2	5.0	10.0
#6F806E	3	5.0	2.0
#628460	3	5.0	4.0
#548751	3	5.0	6.0
#428B41	3	5.0	8.0
#298E30	3	5.0	10.0
#6B8071	4	5.0	2.0
#5A8568	4	5.0	4.0
#45895F	4	5.0	6.0
#228C56	4	5.0	8.0
#698074	5	5.0	2.0
#55856E	5	5.0	4.0
#3B8968	5	5.0	6.0
#688076	6	5.0	2.0
#528572	6	5.0	4.0
#34896E	6	5.0	6.0
#678078	7	5.0	2.0
#4F8576	7	5.0	4.0
#2F8974	7	5.0	6.0
#66807A	8	5.0	2.0
#4D857A	8	5.0	4.0
#2A897A	8	5.0	6.0
#66807D	9	5.0	2.0
#4B8580	9	5.0	4.0
#228982	9	5.0	6.0
#658080	10	5.0	2.0
#4B8484	10	5.0	4.0
#1B8989	10	5.0	6.0
#668082	11	5.0	2.0
#4B8489	11	5.0	4.0
#1A8891	11	5.0	6.0
#677F83	12	5.0	2.0
#4D838D	12	5.0	4.0
#208796	12	5.0	6.0
#697F85	13	5.0	2.0
#518290	13	5.0	4.0
#2D859C	13	5.0	6.0
#6B7E86	14	5.0	2.0
#578193	14	5.0	4.0
#3B839F	14	5.0	6.0
#6E7D87	15	5.0	2.0
#5D7F94	15	5.0	4.0
#4881A1	15	5.0	6.0
#2383AF	15	5.0	8.0
#717C88	16	5.0	2.0
#657E95	16	5.0	4.0
#557FA3	16	5.0	6.0
#4180B1	16	5.0	8.0
#1C81BF	16	5.0	10.0
#757B88	17	5.0	2.0
#6C7C96	17	5.0	4.0
#627CA4	17	5.0	6.0
#557CB2	17	5.0	8.0
#437DC0	17	5.0	10.0
#267DCE	17	5.0	12.0
#787A88	18	5.0	2.0
#747A95	18	5.0	4.0
#7079A4	18	5.0	6.0
#6C77B1	18	5.0	8.0
#6776BE	18	5.0	10.0
#6175CC	18	5.0	12.0
#5A73DA	18	5.0	14.0
#5371E8	18	5.0	16.0
#4D6DF7	18	5.0	18.0
#486AFF	18	5.0	20.0
#7B7988	19	5.0	2.0
#7B7894	19	5.0	4.0
#7C75A2	19	5.0	6.0
#7C73AF	19	5.0	8.0
#7C70BA	19	5.0	10.0
#7D6DC7	19	5.0	12.0
#7E6AD4	19	5.0	14.0
#7F66E0	19	5.0	16.0
#8162EB	19	5.0	18.0
#835DF7	19	5.0	20.0
#8756FF	19	5.0	22.0
#7E7987	20	5.0	2.0
#817693	20	5.0	4.0
#84739F	20	5.0	6.0
#886FAB	20	5.0	8.0
#8C6CB5	20	5.0	10.0
#9068C0	20	5.0	12.0
#9563CA	20	5.0	14.0
#995DD4	20	5.0	16.0
#9E57DE	20	5.0	18.0
#A350E9	20	5.0	20.0
#A847F3	20	5.0	22.0
#AD3BFE	20	5.0	24.0
#B32CFF	20	5.0	26.0
#807885	21	5.0	2.0
#867590	21	5.0	4.0
#8C719B	21	5.0	6.0
#926DA5	21	5.0	8.0
#9768AF	21	5.0	10.0
#9D63B9	21	5.0	12.0
#A35DC2	21	5.0	14.0
#A957CB	21	5.0	16.0
#AF4FD4	21	5.0	18.0
#B546DD	21	5.0	20.0
#BB39E7	21	5.0	22.0
#C228F0	21	5.0	24.0
#C801F9	21	5.0	26.0
#837783	22	5.0	2.0
#8B738C	22	5.0	4.0
#946E95	22	5.0	6.0
#9C699E	22	5.0	8.0
#A364A6	22	5.0	10.0
#AA5DAE	22	5.0	12.0
#B256B6	22	5.0	14.0
#B94EBE	22	5.0	16.0
#C043C7	22	5.0	18.0
#C836CF	22	5.0	20.0
#D020D8	22	5.0	22.0
#857781	23	5.0	2.0
#8F7288	23	5.0	4.0
#9A6D8F	23	5.0	6.0
#A46696	23	5.0	8.0
#AC609D	23	5.0	10.0
#B559A4	23	5.0	12.0
#BD50AA	23	5.0	14.0
#C646B1	23	5.0	16.0
#CE39B8	23	5.0	18.0
#D724BF	23	5.0	20.0
#87777F	24	5.0	2.0
#937184	24	5.0	4.0
#9F6B89	24	5.0	6.0
#AB648E	24	5.0	8.0
#B45D92	24	5.0	10.0
#BE5497	24	5.0	12.0
#C84A9C	24	5.0	14.0
#D13EA1	24	5.0	16.0
#DA2CA6	24	5.0	18.0
#E307AB	24	5.0	20.0
#89767C	25	5.0	2.0
#97707E	25	5.0	4.0
#A46A80	25	5.0	6.0
#B16282	25	5.0	8.0
#BC5A84	25	5.0	10.0
#C75087	25	5.0	12.0
#D24489	25	5.0	14.0
#DC358C	25	5.0	16.0
#E61C8E	25	5.0	18.0
#8A767A	26	5.0	2.0
#997079	26	5.0	4.0
#A76979	26	5.0	6.0
#B46179	26	5.0	8.0
#C05979	26	5.0	10.0
#CC4D7A	26	5.0	12.0
#D6427B	26	5.0	14.0
#E1307C	26	5.0	16.0
#EB117D	26	5.0	18.0
#A49092	27	6.0	2.0
#B48A8F	27	6.0	4.0
#C4848C	27	6.0	6.0
#D07D89	27	6.0	8.0
#DE7587	27	6.0	10.0
#EB6B84	27	6.0	12.0
#F76183	27	6.0	14.0
#FF5280	27	6.0	16.0
#FF417F	27	6.0	18.0
#A59090	28	6.0	2.0
#B68A8B	28	6.0	4.0
#C68486	28	6.0	6.0
#D37D81	28	6.0	8.0
#E1757C	28	6.0	10.0
#EE6B77	28	6.0	12.0
#F96174	28	6.0	14.0
#FF526F	28	6.0	16.0
#FF406C	28	6.0	18.0
#A6908F	29	6.0	2.0
#B78A87	29	6.0	4.0
#C7847F	29	6.0	6.0
#D47D79	29	6.0	8.0
#E27571	29	6.0	10.0
#EF6B6A	29	6.0	12.0
#FB6163	29	6.0	14.0
#FF545C	29	6.0	16.0
#FF4455	29	6.0	18.0
#A7908C	30	6.0	2.0
#B88A82	30	6.0	4.0
#C78479	30	6.0	6.0
#D57D6F	30	6.0	8.0
#E37564	30	6.0	10.0
#EF6D59	30	6.0	12.0
#FA644D	30	6.0	14.0
#FF5841	30	6.0	16.0
#FF4B33	30	6.0	18.0
#A7908A	31	6.0	2.0
#B88B7C	31	6.0	4.0
#C78570	31	6.0	6.0
#D47F63	31	6.0	8.0
#E17853	31	6.0	10.0
#EC7143	31	6.0	12.0
#F7692F	31	6.0	14.0
#FF6114	31	6.0	16.0
#A89086	32	6.0	2.0
#B78C78	32	6.0	4.0
#C58668	32	6.0	6.0
#D28158	32	6.0	8.0
#DD7C45	32	6.0	10.0
#E6762F	32	6.0	12.0
#EE710A	32	6.0	14.0
#A79183	33	6.0	2.0
#B58D72	33	6.0	4.0
#C2895F	33	6.0	6.0
#CD844B	33	6.0	8.0
#D68035	33	6.0	10.0
#DD7D15	33	6.0	12.0
#A69281	34	6.0	2.0
#B38E6E	34	6.0	4.0
#BE8B58	34	6.0	6.0
#C78841	34	6.0	8.0
#CF8524	34	6.0	10.0
#A3937E	35	6.0	2.0
#AE9068	35	6.0	4.0
#B88E50	35	6.0	6.0
#C08C36	35	6.0	8.0
#C68A10	35	6.0	10.0
#A0947C	36	6.0	2.0
#AA9264	36	6.0	4.0
#B2914A	36	6.0	6.0
#B88F2C	36	6.0	8.0
#9D957A	37	6.0	2.0
#A49561	37	6.0	4.0
#AA9445	37	6.0	6.0
#AF9323	37	6.0	8.0
#9B967A	38	6.0	2.0
#9F9660	38	6.0	4.0
#A39743	38	6.0	6.0
#A6971D	38	6.0	8.0
#98977A	39	6.0	2.0
#9A9861	39	6.0	4.0
#9C9943	39	6.0	6.0
#9E991D	39	6.0	8.0
#94987C	0	6.0	2.0
#949A63	0	6.0	4.0
#939B48	0	6.0	6.0
#929D24	0	6.0	8.0
#91987E	1	6.0	2.0
#8D9B67	1	6.0	4.0
#899E50	1	6.0	6.0
#84A032	1	6.0	8.0
#8C9A81	2	6.0	2.0
#839D70	2	6.0	4.0
#7AA05D	2	6.0	6.0
#70A346	2	6.0	8.0
#65A62B	2	6.0	10.0
#879A86	3	6.0	2.0
#7B9E77	3	6.0	4.0
#6DA268	3	6.0	6.0
#5DA658	3	6.0	8.0
#4AA948	3	6.0	10.0
#2EAC34	3	6.0	12.0
#849B8A	4	6.0	2.0
#72A080	4	6.0	4.0
#5FA476	4	6.0	6.0
#45A86D	4	6.0	8.0
#14AB64	4	6.0	10.0
#829B8D	5	6.0	2.0
#6CA086	5	6.0	4.0
#55A480	5	6.0	6.0
#31A87B	5	6.0	8.0
#819B8F	6	6.0	2.0
#69A08A	6	6.0	4.0
#4FA587	6	6.0	6.0
#23A883	6	6.0	8.0
#809B92	7	6.0	2.0
#66A08F	7	6.0	4.0
#4AA58D	7	6.0	6.0
#0BA98B	7	6.0	8.0
#7F9B94	8	6.0	2.0
#64A093	8	6.0	4.0
#46A593	8	6.0	6.0
#7E9B97	9	6.0	2.0
#63A099	9	6.0	4.0
#3FA49B	9	6.0	6.0
#7E9B99	10	6.0	2.0
#62A09E	10	6.0	4.0
#3DA4A3	10	6.0	6.0
#7F9A9B	11	6.0	2.0
#649FA3	11	6.0	4.0
#3CA3AA	11	6.0	6.0
#809A9D	12	6.0	2.0
#679EA6	12	6.0	4.0
#40A2B0	12	6.0	6.0
#83999F	13	6.0	2.0
#6C9DA9	13	6.0	4.0
#4BA0B6	13	6.0	6.0
#8598A0	14	6.0	2.0
#729BAC	14	6.0	4.0
#579EB9	14	6.0	6.0
#2EA0C6	14	6.0	8.0
#8897A0	15	6.0	2.0
#789AAD	15	6.0	4.0
#639CBC	15	6.0	6.0
#479EC9	15	6.0	8.0
#8B96A1	16	6.0	2.0
#8098AE	16	6.0	4.0
#7099BD	16	6.0	6.0
#5F9ACC	16	6.0	8.0
#459BDA	16	6.0	10.0
#8E95A1	17	6.0	2.0
#8696AF	17	6.0	4.0
#7C96BE	17	6.0	6.0
#7097CD	17	6.0	8.0
#6097DB	17	6.0	10.0
#4898EB	17	6.0	12.0
#1798FB	17	6.0	14.0
#9294A1	18	6.0	2.0
#8E94AF	18	6.0	4.0
#8A93BE	18	6.0	6.0
#8592CB	18	6.0	8.0
#8091D9	18	6.0	10.0
#798FE9	18	6.0	12.0
#728EF9	18	6.0	14.0
#9594A1	19	6.0	2.0
#9592AE	19	6.0	4.0
#9490BC	19	6.0	6.0
#948EC8	19	6.0	8.0
#948CD5	19	6.0	10.0
#9489E4	19	6.0	12.0
#9586F2	19	6.0	14.0
#9681FF	19	6.0	16.0
#9793A0	20	6.0	2.0
#9A90AC	20	6.0	4.0
#9D8EB9	20	6.0	6.0
#A18AC5	20	6.0	8.0
#A487D1	20	6.0	10.0
#A983DC	20	6.0	12.0
#AD7EE8	20	6.0	14.0
#B379F4	20	6.0	16.0
#B773FE	20	6.0	18.0
#9A929F	21	6.0	2.0
#9F8FAA	21	6.0	4.0
#A58BB5	21	6.0	6.0
#AA88BF	21	6.0	8.0
#B083CA	21	6.0	10.0
#B67FD4	21	6.0	12.0
#BC79DF	21	6.0	14.0
#C273E9	21	6.0	16.0
#C86CF3	21	6.0	18.0
#CF64FE	21	6.0	20.0
#9D919D	22	6.0	2.0
#A58EA5	22	6.0	4.0
#AE89AF	22	6.0	6.0
#B684B7	22	6.0	8.0
#BE7FC0	22	6.0	10.0
#C679C8	22	6.0	12.0
#CE72D1	22	6.0	14.0
#D66BD9	22	6.0	16.0
#DD62E2	22	6.0	18.0
#E656EC	22	6.0	20.0
#EF47F5	22	6.0	22.0
#F734FE	22	6.0	24.0
#9F919B	23	6.0	2.0
#A98DA2	23	6.0	4.0
#B487A9	23	6.0	6.0
#BD82AF	23	6.0	8.0
#C77CB6	23	6.0	10.0
#D075BD	23	6.0	12.0
#DA6CC4	23	6.0	14.0
#E364CB	23	6.0	16.0
#EB5AD2	23	6.0	18.0
#F54BDA	23	6.0	20.0
#FE39E1	23	6.0	22.0
#FF1DE8	23	6.0	24.0
#A19199	24	6.0	2.0
#AD8C9D	24	6.0	4.0
#B986A2	24	6.0	6.0
#C480A6	24	6.0	8.0
#CF79AB	24	6.0	10.0
#DA71B0	24	6.0	12.0
#E568B5	24	6.0	14.0
#EF5DBA	24	6.0	16.0
#F951BF	24	6.0	18.0
#FF3FC4	24	6.0	20.0
#FF29C9	24	6.0	22.0
#A39096	25	6.0	2.0
#B08B97	25	6.0	4.0
#BF8499	25	6.0	6.0
#CB7E9B	25	6.0	8.0
#D6779C	25	6.0	10.0
#E26E9F	25	6.0	12.0
#EE64A1	25	6.0	14.0
#F958A4	25	6.0	16.0
#FF49A6	25	6.0	18.0
#FF2FAA	25	6.0	20.0
#FF04AC	25	6.0	22.0
#A39094	26	6.0	2.0
#B28B93	26	6.0	4.0
#C28492	26	6.0	6.0
#CE7E92	26	6.0	8.0
#DB7692	26	6.0	10.0
#E76D92	26	6.0	12.0
#F36293	26	6.0	14.0
#FF5493	26	6.0	16.0
#FF4494	26	6.0	18.0
#FF2896	26	6.0	20.0
#BEABAC	27	7.0	2.0
#CEA5A9	27	7.0	4.0
#DE9FA6	27	7.0	6.0
#EE97A2	27	7.0	8.0
#FC909F	27	7.0	10.0
#FF859C	27	7.0	12.0
#FF7B9A	27	7.0	14.0
#FF6E97	27	7.0	16.0
#BFABAB	28	7.0	2.0
#D0A5A5	28	7.0	4.0
#E09EA0	28	7.0	6.0
#F0979A	28	7.0	8.0
#FE8F95	28	7.0	10.0
#FF858F	28	7.0	12.0
#FF7B8A	28	7.0	14.0
#FF6E85	28	7.0	16.0
#C0ABA9	29	7.0	2.0
#D1A5A1	29	7.0	4.0
#E29E99	29	7.0	6.0
#F19792	29	7.0	8.0
#FF8F8A	29	7.0	10.0
#FF8682	29	7.0	12.0
#FF7C7A	29	7.0	14.0
#C1ABA7	30	7.0	2.0
#D3A59C	30	7.0	4.0
#E29F92	30	7.0	6.0
#F39887	30	7.0	8.0
#FF917C	30	7.0	10.0
#FF8870	30	7.0	12.0
#FF7F64	30	7.0	14.0
#FF7457	30	7.0	16.0
#C1ABA4	31	7.0	2.0
#D3A597	31	7.0	4.0
#E3A089	31	7.0	6.0
#F2997B	31	7.0	8.0
#FE936D	31	7.0	10.0
#FF8C5B	31	7.0	12.0
#FF8449	31	7.0	14.0
#FF7C31	31	7.0	16.0
#C1ABA1	32	7.0	2.0
#D2A691	32	7.0	4.0
#E1A180	32	7.0	6.0
#EF9C70	32	7.0	8.0
#FA965F	32	7.0	10.0
#FF9148	32	7.0	12.0
#FF8B2C	32	7.0	14.0
#C1AB9E	33	7.0	2.0
#D0A78B	33	7.0	4.0
#DEA378	33	7.0	6.0
#E99F65	33	7.0	8.0
#F39B4F	33	7.0	10.0
#FD9734	33	7.0	12.0
#C0AC9B	34	7.0	2.0
#CEA986	34	7.0	4.0
#DAA671	34	7.0	6.0
#E3A35B	34	7.0	8.0
#ECA042	34	7.0	10.0
#F39D1C	34	7.0	12.0
#BEAD97	35	7.0	2.0
#CAAB80	35	7.0	4.0
#D4A969	35	7.0	6.0
#DCA650	35	7.0	8.0
#E3A433	35	7.0	10.0
#BBAE95	36	7.0	2.0
#C5AD7D	36	7.0	4.0
#CDAB63	36	7.0	6.0
#D4AA48	36	7.0	8.0
#D9A923	36	7.0	10.0
#B8AF94	37	7.0	2.0
#BEAF79	37	7.0	4.0
#C5AF5E	37	7.0	6.0
#CAAE41	37	7.0	8.0
#CEAE0F	37	7.0	10.0
#B5B093	38	7.0	2.0
#BAB178	38	7.0	4.0
#BEB15D	38	7.0	6.0
#C1B13D	38	7.0	8.0
#B3B193	39	7.0	2.0
#B5B279	39	7.0	4.0
#B7B35D	39	7.0	6.0
#B9B43D	39	7.0	8.0
#AFB294	0	7.0	2.0
#AEB47B	0	7.0	4.0
#AEB662	0	7.0	6.0
#ADB743	0	7.0	8.0
#ACB90B	0	7.0	10.0
#ACB396	1	7.0	2.0
#A8B67F	1	7.0	4.0
#A4B868	1	7.0	6.0
#A0BA4D	1	7.0	8.0
#9CBC27	1	7.0	10.0
#A6B49B	2	7.0	2.0
#9DB888	2	7.0	4.0
#95BB75	2	7.0	6.0
#8CBE60	2	7.0	8.0
#81C146	2	7.0	10.0
#76C425	2	7.0	12.0
#A1B59F	3	7.0	2.0
#95B98F	3	7.0	4.0
#88BD81	3	7.0	6.0
#79C171	3	7.0	8.0
#67C460	3	7.0	10.0
#51C84D	3	7.0	12.0
#33CA37	3	7.0	14.0
#9DB6A3	4	7.0	2.0
#8CBA99	4	7.0	4.0
#7ABF8F	4	7.0	6.0
#63C385	4	7.0	8.0
#43C77A	4	7.0	10.0
#9BB6A7	5	7.0	2.0
#87BBA0	5	7.0	4.0
#71BF99	5	7.0	6.0
#54C494	5	7.0	8.0
#19C88E	5	7.0	10.0
#9AB6A9	6	7.0	2.0
#84BBA4	6	7.0	4.0
#6CBFA0	6	7.0	6.0
#4AC49C	6	7.0	8.0
#99B6AC	7	7.0	2.0
#82BBA9	7	7.0	4.0
#67C0A6	7	7.0	6.0
#40C4A4	7	7.0	8.0
#98B6AD	8	7.0	2.0
#80BBAD	8	7.0	4.0
#64BFAC	8	7.0	6.0
#36C4AC	8	7.0	8.0
#97B6B0	9	7.0	2.0
#7EBBB2	9	7.0	4.0
#61BFB4	9	7.0	6.0
#29C4B6	9	7.0	8.0
#98B5B3	10	7.0	2.0
#7DBAB7	10	7.0	4.0
#5FBFBB	10	7.0	6.0
#22C3C0	10	7.0	8.0
#99B5B6	11	7.0	2.0
#7EBABC	11	7.0	4.0
#5FBEC3	11	7.0	6.0
#1DC2CA	11	7.0	8.0
#9AB4B7	12	7.0	2.0
#80B9C0	12	7.0	4.0
#62BDC9	12	7.0	6.0
#28C0D3	12	7.0	8.0
#9DB3B9	13	7.0	2.0
#85B7C4	13	7.0	4.0
#68BBCF	13	7.0	6.0
#3CBEDB	13	7.0	8.0
#A0B3BA	14	7.0	2.0
#8AB6C6	14	7.0	4.0
#72B9D3	14	7.0	6.0
#4FBCE1	14	7.0	8.0
#A3B2BA	15	7.0	2.0
#92B4C8	15	7.0	4.0
#7EB7D6	15	7.0	6.0
#63B9E4	15	7.0	8.0
#35BBF4	15	7.0	10.0
#A6B1BB	16	7.0	2.0
#99B2C9	16	7.0	4.0
#8BB4D8	16	7.0	6.0
#78B5E7	16	7.0	8.0
#5EB7F8	16	7.0	10.0
#A9B0BB	17	7.0	2.0
#A0B1C9	17	7.0	4.0
#95B1D8	17	7.0	6.0
#89B2E8	17	7.0	8.0
#78B2F9	17	7.0	10.0
#ACAFBB	18	7.0	2.0
#A8AEC9	18	7.0	4.0
#A3AED9	18	7.0	6.0
#9EADE8	18	7.0	8.0
#98ABF9	18	7.0	10.0
#AFAEBA	19	7.0	2.0
#AEADC9	19	7.0	4.0
#AEABD7	19	7.0	6.0
#ADA9E5	19	7.0	8.0
#ADA6F5	19	7.0	10.0
#ADA3FF	19	7.0	12.0
#B1AEBA	20	7.0	2.0
#B4ABC7	20	7.0	4.0
#B7A8D3	20	7.0	6.0
#BAA5E0	20	7.0	8.0
#BEA1EE	20	7.0	10.0
#C29DFB	20	7.0	12.0
#B4ADB9	21	7.0	2.0
#B9AAC4	21	7.0	4.0
#BEA6CF	21	7.0	6.0
#C4A3DB	21	7.0	8.0
#CA9EE7	21	7.0	10.0
#D099F2	21	7.0	12.0
#D794FD	21	7.0	14.0
#B7ACB6	22	7.0	2.0
#C0A8BF	22	7.0	4.0
#C8A4C8	22	7.0	6.0
#D19FD1	22	7.0	8.0
#DA99DB	22	7.0	10.0
#E293E3	22	7.0	12.0
#EB8CED	22	7.0	14.0
#F485F6	22	7.0	16.0
#FD7CFF	22	7.0	18.0
#B9ACB4	23	7.0	2.0
#C4A7BB	23	7.0	4.0
#CFA2C2	23	7.0	6.0
#DA9CC9	23	7.0	8.0
#E496D1	23	7.0	10.0
#ED90D7	23	7.0	12.0
#F888DF	23	7.0	14.0
#FF7EE7	23	7.0	16.0
#FF74EE	23	7.0	18.0
#FF68F6	23	7.0	20.0
#FF58FF	23	7.0	22.0
#BAACB2	24	7.0	2.0
#C7A6B6	24	7.0	4.0
#D5A0BB	24	7.0	6.0
#E19AC0	24	7.0	8.0
#EC93C4	24	7.0	10.0
#F88CCA	24	7.0	12.0
#FF83CE	24	7.0	14.0
#FF78D4	24	7.0	16.0
#FF6BDA	24	7.0	18.0
#FF5BE0	24	7.0	20.0
#BCABB0	25	7.0	2.0
#CAA6B1	25	7.0	4.0
#DA9FB3	25	7.0	6.0
#E898B4	25	7.0	8.0
#F491B6	25	7.0	10.0
#FF88B8	25	7.0	12.0
#FF7EBA	25	7.0	14.0
#FF72BD	25	7.0	16.0
#FF64C0	25	7.0	18.0
#BDABAE	26	7.0	2.0
#CCA6AD	26	7.0	4.0
#DC9FAC	26	7.0	6.0
#EB98AC	26	7.0	8.0
#F890AB	26	7.0	10.0
#FF87AB	26	7.0	12.0
#FF7CAB	26	7.0	14.0
#FF6FAC	26	7.0	16.0
#D7C6C8	27	8.0	2.0
#EAC0C3	27	8.0	4.0
#FBB9C0	27	8.0	6.0
#FFB1BC	27	8.0	8.0
#FFA9B8	27	8.0	10.0
#D7C6C6	28	8.0	2.0
#ECC0BF	28	8.0	4.0
#FDB9B9	28	8.0	6.0
#FFB1B3	28	8.0	8.0
#FFA9AD	28	8.0	10.0
#D8C6C4	29	8.0	2.0
#EDC0BB	29	8.0	4.0
#FEB9B3	29	8.0	6.0
#FFB1AA	29	8.0	8.0
#FFA9A1	29	8.0	10.0
#D9C6C2	30	8.0	2.0
#EFBFB6	30	8.0	4.0
#FFB9AB	30	8.0	6.0
#FFB29E	30	8.0	8.0
#FFAA92	30	8.0	10.0
#DAC6C0	31	8.0	2.0
#EFC0B0	31	8.0	4.0
#FFBAA1	31	8.0	6.0
#FFB392	31	8.0	8.0
#FFAD83	31	8.0	10.0
#DBC6BD	32	8.0	2.0
#EFC1AA	32	8.0	4.0
#FEBC99	32	8.0	6.0
#FFB687	32	8.0	8.0
#FFB174	32	8.0	10.0
#FFAB5F	32	8.0	12.0
#DBC6B8	33	8.0	2.0
#ECC2A4	33	8.0	4.0
#FABE91	33	8.0	6.0
#FFBA7B	33	8.0	8.0
#FFB666	33	8.0	10.0
#FFB24D	33	8.0	12.0
#FFAE2B	33	8.0	14.0
#DAC7B5	34	8.0	2.0
#E9C49F	34	8.0	4.0
#F6C08A	34	8.0	6.0
#FFBD72	34	8.0	8.0
#FFBA5A	34	8.0	10.0
#FFB73C	34	8.0	12.0
#D8C8B1	35	8.0	2.0
#E4C69A	35	8.0	4.0
#EFC482	35	8.0	6.0
#F8C168	35	8.0	8.0
#FFBF4D	35	8.0	10.0
#FFBD28	35	8.0	12.0
#D6C9AE	36	8.0	2.0
#DFC896	36	8.0	4.0
#E8C77C	36	8.0	6.0
#EFC561	36	8.0	8.0
#F6C442	36	8.0	10.0
#FBC30A	36	8.0	12.0
#D3CAAC	37	8.0	2.0
#D9CA92	37	8.0	4.0
#DFCA77	37	8.0	6.0
#E4CA5A	37	8.0	8.0
#E9C936	37	8.0	10.0
#D0CBAC	38	8.0	2.0
#D5CC91	38	8.0	4.0
#D9CC75	38	8.0	6.0
#DCCD56	38	8.0	8.0
#DFCD30	38	8.0	10.0
#CECCAB	39	8.0	2.0
#D0CD91	39	8.0	4.0
#D2CE75	39	8.0	6.0
#D4CF56	39	8.0	8.0
#D6D02F	39	8.0	10.0
#CBCDAC	0	8.0	2.0
#CACF93	0	8.0	4.0
#C9D178	0	8.0	6.0
#C8D35C	0	8.0	8.0
#C7D435	0	8.0	10.0
#C7CEAE	1	8.0	2.0
#C4D097	1	8.0	4.0
#C0D37E	1	8.0	6.0
#BCD564	1	8.0	8.0
#B8D844	1	8.0	10.0
#C0CFB3	2	8.0	2.0
#B7D39F	2	8.0	4.0
#AFD78B	2	8.0	6.0
#A6DA75	2	8.0	8.0
#9CDD5E	2	8.0	10.0
#92E03F	2	8.0	12.0
#BBD0B7	3	8.0	2.0
#AED5A8	3	8.0	4.0
#A0D997	3	8.0	6.0
#92DD88	3	8.0	8.0
#81E076	3	8.0	10.0
#6EE463	3	8.0	12.0
#55E74F	3	8.0	14.0
#2FEA36	3	8.0	16.0
#B7D1BD	4	8.0	2.0
#A6D6B2	4	8.0	4.0
#91DBA6	4	8.0	6.0
#7CDF9C	4	8.0	8.0
#62E391	4	8.0	10.0
#35E786	4	8.0	12.0
#B4D1C0	5	8.0	2.0
#A0D6B9	5	8.0	4.0
#87DCB2	5	8.0	6.0
#6BE0AB	5	8.0	8.0
#43E4A6	5	8.0	10.0
#B3D1C3	6	8.0	2.0
#9DD6BE	6	8.0	4.0
#82DCB9	6	8.0	6.0
#64E0B5	6	8.0	8.0
#2FE4B1	6	8.0	10.0
#B2D1C6	7	8.0	2.0
#9BD7C2	7	8.0	4.0
#7EDCC0	7	8.0	6.0
#5CE0BD	7	8.0	8.0
#14E4BB	7	8.0	10.0
#B1D1C8	8	8.0	2.0
#98D7C6	8	8.0	4.0
#7CDBC6	8	8.0	6.0
#55E0C5	8	8.0	8.0
#B1D1CB	9	8.0	2.0
#97D6CC	9	8.0	4.0
#79DBCD	9	8.0	6.0
#4BE0D0	9	8.0	8.0
#B2D0CE	10	8.0	2.0
#97D6D1	10	8.0	4.0
#75DBD6	10	8.0	6.0
#45DFDA	10	8.0	8.0
#B3D0D0	11	8.0	2.0
#97D5D6	11	8.0	4.0
#76DADD	11	8.0	6.0
#42DEE4	11	8.0	8.0
#B5CFD2	12	8.0	2.0
#99D4DB	12	8.0	4.0
#78D9E4	12	8.0	6.0
#45DDEE	12	8.0	8.0
#B8CED3	13	8.0	2.0
#9ED3DF	13	8.0	4.0
#80D7EB	13	8.0	6.0
#50DBF9	13	8.0	8.0
#BBCDD4	14	8.0	2.0
#A4D1E1	14	8.0	4.0
#89D5EF	14	8.0	6.0
#60D8FF	14	8.0	8.0
#BECCD4	15	8.0	2.0
#ABCFE4	15	8.0	4.0
#95D2F3	15	8.0	6.0
#75D5FF	15	8.0	8.0
#C1CBD5	16	8.0	2.0
#B3CDE5	16	8.0	4.0
#A2CFF5	16	8.0	6.0
#C4CBD5	17	8.0	2.0
#BACCE5	17	8.0	4.0
#ADCCF7	17	8.0	6.0
#C7CAD5	18	8.0	2.0
#C2C9E5	18	8.0	4.0
#BCC9F6	18	8.0	6.0
#CAC9D4	19	8.0	2.0
#C9C8E3	19	8.0	4.0
#C8C5F4	19	8.0	6.0
#C7C3FF	19	8.0	8.0
#CCC9D3	20	8.0	2.0
#CEC6E2	20	8.0	4.0
#D1C3F0	20	8.0	6.0
#D4C0FF	20	8.0	8.0
#CDC8D2	21	8.0	2.0
#D3C5DF	21	8.0	4.0
#D8C1EC	21	8.0	6.0
#DFBDF9	21	8.0	8.0
#E5B8FF	21	8.0	10.0
#D0C7D0	22	8.0	2.0
#DBC3D9	22	8.0	4.0
#E3BFE2	22	8.0	6.0
#EEB8ED	22	8.0	8.0
#F8B3F7	22	8.0	10.0
#FFACFF	22	8.0	12.0
#D2C7CE	23	8.0	2.0
#DEC2D5	23	8.0	4.0
#EABDDD	23	8.0	6.0
#F7B6E5	23	8.0	8.0
#FFB0EC	23	8.0	10.0
#FFA9F4	23	8.0	12.0
#FFA0FD	23	8.0	14.0
#D3C7CC	24	8.0	2.0
#E2C1D1	24	8.0	4.0
#F1BBD5	24	8.0	6.0
#FFB4DA	24	8.0	8.0
#FFADDF	24	8.0	10.0
#FFA4E4	24	8.0	12.0
#FF9BEA	24	8.0	14.0
#D5C7CB	25	8.0	2.0
#E5C1CB	25	8.0	4.0
#F6BACD	25	8.0	6.0
#FFB2CE	25	8.0	8.0
#FFABD0	25	8.0	10.0
#FFA0D2	25	8.0	12.0
#D6C6C9	26	8.0	2.0
#E8C0C7	26	8.0	4.0
#F9B9C6	26	8.0	6.0
#FFB1C6	26	8.0	8.0
#FFA9C5	26	8.0	10.0
#FF9FC5	26	8.0	12.0
#F2E2E3	27	9.0	2.0
#FFDBDE	27	9.0	4.0
#FFD3D9	27	9.0	6.0
#F2E2E2	28	9.0	2.0
#FFDADA	28	9.0	4.0
#FFD3D2	28	9.0	6.0
#F4E2DF	29	9.0	2.0
#FFDAD5	29	9.0	4.0
#FFD3CB	29	9.0	6.0
#F5E1DD	30	9.0	2.0
#FFDACF	30	9.0	4.0
#FFD3C2	30	9.0	6.0
#F5E1DB	31	9.0	2.0
#FFDAC9	31	9.0	4.0
#FFD4B9	31	9.0	6.0
#F7E1D7	32	9.0	2.0
#FFDBC2	32	9.0	4.0
#FFD6AF	32	9.0	6.0
#F7E2D2	33	9.0	2.0
#FFDDBB	33	9.0	4.0
#FFD9A7	33	9.0	6.0
#F6E2CE	34	9.0	2.0
#FFDFB6	34	9.0	4.0
#FFDC9F	34	9.0	6.0
#FFD988	34	9.0	8.0
#F4E3CA	35	9.0	2.0
#FFE1B0	35	9.0	4.0
#FFDF98	35	9.0	6.0
#FFDD7E	35	9.0	8.0
#F1E5C7	36	9.0	2.0
#FBE4AC	36	9.0	4.0
#FFE292	36	9.0	6.0
#FFE177	36	9.0	8.0
#FFE05A	36	9.0	10.0
#FFDE34	36	9.0	12.0
#EEE6C5	37	9.0	2.0
#F5E6A9	37	9.0	4.0
#FBE68D	37	9.0	6.0
#FFE670	37	9.0	8.0
#FFE550	37	9.0	10.0
#FFE51D	37	9.0	12.0
#ECE7C4	38	9.0	2.0
#F0E8A8	38	9.0	4.0
#F4E88C	38	9.0	6.0
#F8E86D	38	9.0	8.0
#FBE94C	38	9.0	10.0
#FEE90C	38	9.0	12.0
#E9E7C4	39	9.0	2.0
#ECE9A8	39	9.0	4.0
#EEEA8C	39	9.0	6.0
#F0EB6C	39	9.0	8.0
#F2EC4A	39	9.0	10.0
#E6E8C5	0	9.0	2.0
#E6EBA9	0	9.0	4.0
#E5ED8E	0	9.0	6.0
#E4EE6F	0	9.0	8.0
#E3F04E	0	9.0	10.0
#E2F10D	0	9.0	12.0
#E3E9C6	1	9.0	2.0
#E0ECAC	1	9.0	4.0
#DCEF92	1	9.0	6.0
#D8F276	1	9.0	8.0
#D4F457	1	9.0	10.0
#D0F629	1	9.0	12.0
#DBEBCB	2	9.0	2.0
#D2EFB6	2	9.0	4.0
#C9F39F	2	9.0	6.0
#C0F688	2	9.0	8.0
#B6FA6F	2	9.0	10.0
#ACFC53	2	9.0	12.0
#A1FF2C	2	9.0	14.0
#D5ECD1	3	9.0	2.0
#C8F1BF	3	9.0	4.0
#B7F6AC	3	9.0	6.0
#A9FA9C	3	9.0	8.0
#98FE89	3	9.0	10.0
#86FF78	3	9.0	12.0
#6FFF63	3	9.0	14.0
#50FF4B	3	9.0	16.0
#10FF29	3	9.0	18.0
#D0EDD6	4	9.0	2.0
#BEF2CA	4	9.0	4.0
#A7F8BC	4	9.0	6.0
#91FCB1	4	9.0	8.0
#76FFA6	4	9.0	10.0
#54FF9B	4	9.0	12.0
#CEEDDA	5	9.0	2.0
#B8F3D2	5	9.0	4.0
#9CF9CA	5	9.0	6.0
#7EFEC3	5	9.0	8.0
#59FFBD	5	9.0	10.0
#CCEDDE	6	9.0	2.0
#B4F3D8	6	9.0	4.0
#96F9D2	6	9.0	6.0
#75FECD	6	9.0	8.0
#48FFC9	6	9.0	10.0
#CBEDE0	7	9.0	2.0
#B2F3DD	7	9.0	4.0
#92F9D9	7	9.0	6.0
#6CFED6	7	9.0	8.0
#33FFD4	7	9.0	10.0
#CBEDE3	8	9.0	2.0
#B0F3E1	8	9.0	4.0
#8EF9E0	8	9.0	6.0
#64FEDF	8	9.0	8.0
#0FFFDF	8	9.0	10.0
#CBEDE5	9	9.0	2.0
#AEF3E6	9	9.0	4.0
#8BF9E8	9	9.0	6.0
#5AFEE9	9	9.0	8.0
#CBECE9	10	9.0	2.0
#AEF2ED	10	9.0	4.0
#88F8F1	10	9.0	6.0
#4FFDF6	10	9.0	8.0
#CDECEB	11	9.0	2.0
#AEF2F2	11	9.0	4.0
#87F7F9	11	9.0	6.0
#CFEBED	12	9.0	2.0
#B0F1F8	12	9.0	4.0
#D2EAEF	13	9.0	2.0
#B4EFFD	13	9.0	4.0
#D6E9EF	14	9.0	2.0
#BAEEFF	14	9.0	4.0
#D8E8F0	15	9.0	2.0
#C0ECFF	15	9.0	4.0
#DCE7F0	16	9.0	2.0
#DFE6F0	17	9.0	2.0
#E2E5F0	18	9.0	2.0
#E5E4EF	19	9.0	2.0
#E3E3FF	19	9.0	4.0
#E7E4EF	20	9.0	2.0
#E9E1FF	20	9.0	4.0
#E8E4EE	21	9.0	2.0
#EEE0FD	21	9.0	4.0
#ECE3EB	22	9.0	2.0
#F8DEF6	22	9.0	4.0
#FFD8FF	22	9.0	6.0
#EDE3E9	23	9.0	2.0
#FCDDF1	23	9.0	4.0
#FFD7F9	23	9.0	6.0
#EFE2E8	24	9.0	2.0
#FFDCEC	24	9.0	4.0
#FFD5F1	24	9.0	6.0
#F0E2E6	25	9.0	2.0
#FFDBE7	25	9.0	4.0
#FFD4E8	25	9.0	6.0
#F1E2E4	26	9.0	2.0
#FFDBE2	26	9.0	4.0
#FFD3E1	26	9.0	6.0
